# Created by Octave 3.8.1, Sat Feb 04 10:39:37 2017 IST <harsh@harsh>
# name: Xx
# type: matrix
# rows: 99
# columns: 40
 -1.697680810546795 0.2760075645076807 0.2760076047710789 -1.527542249206955 -0.4491643055012939 -1.933374164174339 -2.13652007296337 -2.000304678334394 -2.02166889434301 -1.593749646899855 -1.508448155837956 -0.8025287295482212 -0.9412061530270429 -0.9074272449759724 1.393007216180753 1.204355310100587 1.123784869056213 0.3116049913312839 0.04828684701356792 0.2574287102231085 0.6976506955060359 0.9174959839078768 0.9089578014645291 0.1523241185558814 -0.08622901230454458 1.257853138033282 -1.465586450835082 -0.8584714653365233 -1.559971853713314 -0.9458944944949257 -0.9458944944952329 -1.61215116980295 -1.983186740495183 -1.725500352097714 1.518278646797918 1.531520748995334 -0.4384298961974728 -1.489985800801795 -0.4017313229820788 0
 -1.274037567287238 3.741051404638811 3.741051354306845 -1.99772179526835 1.414526026510555 -1.155717901054617 -1.899279835253765 -2.454770126714551 -3.265333589008915 -2.981337705870317 -2.712207415243985 -3.09758678111105 -2.761312351056237 -2.242083995454659 2.475872284126315 2.516419352262468 2.310198164027155 0.3116049913312839 1.029216653216764 1.310995345396048 -1.324894424658332 -1.171970715421013 -1.698573364002703 -0.2081326973939635 -1.422818884382896 -0.9152478718289696 -1.465586450835082 -0.8584714653365233 -1.559971853713314 -0.9458944944949257 -0.9458944944952329 -1.61215116980295 -1.983186740495183 -1.725500352097714 1.518278646797918 1.531520748995334 -0.4384298961974728 -1.489985800801795 -0.4017313229820788 0
 -0.9887056760292391 0.5239257947938588 0.5239258264791387 -0.124710622248987 2.124214199451465 -0.3410303880507723 -0.5944585333865401 -0.7505246946262006 -1.418679951362775 -1.593749646899855 -1.668949390416064 -2.246194278571664 -1.392472152877795 -0.7167619947954325 1.059818031783766 0.8876501855544424 0.8865021436228809 0.3116049913312839 0.2444728110008103 -0.2944395267467328 -0.05144009187632208 0.171257876258464 -0.5133319256567911 2.195858824415365 0.8684780394664041 -1.694506015414322 -1.465586450835082 -0.8584714653365233 -1.559971853713314 -0.9458944944949257 -0.9458944944952329 -1.61215116980295 -1.983186740495183 -1.725500352097714 1.518278646797918 1.531520748995334 -0.4384298961974728 -1.489985800801795 -0.4017313229820788 0
 -0.8009326129109465 -0.3613675239243119 -0.3613675172519017 -0.3309793980873645 2.373024990918987 -1.474186656797768 -1.582959520152826 -1.55341365394368 -1.705099699317958 -1.364263929357034 -1.191458217605879 -1.824199733372842 -1.199931992983593 -0.687601427250071 1.859472132644636 1.747278471238303 2.006476302048131 0.3116049913312839 0.3425657895611776 0.7791950453376589 -1.160094453846286 1.454787420579667 0.3426757822735361 -0.1074696915220577 -0.48720597392805 -0.1206986259482248 -1.465586450835082 -0.8584714653365233 -1.559971853713314 -0.9458944944949257 -0.9458944944952329 -1.61215116980295 -1.983186740495183 -1.725500352097714 1.518278646797918 1.531520748995334 -0.4384298961974728 -1.489985800801795 -0.4017313229820788 0
 -0.1631056757000973 -0.7012564540945379 -0.7012564512919758 0.6144170634925801 0.272279287006774 -1.859311664406092 -1.741119677703295 -1.394350746984115 -1.079498671167224 -0.6064273740415552 -0.2645635880331679 0.8077136114505923 0.8638578442700574 0.7973444023578142 0.8515746822079718 0.7066760096452981 0.6017632717376854 -2.410356231816613 -1.815479779965949 -0.9466474426548163 -0.5758036425196091 -0.5749802303462159 -0.07874339807891846 -0.159882572304363 0.4865952184907067 0.5432881244523566 -1.465586450835082 -1.512230504323569 -1.559971853713314 -0.9458944944949257 -0.9458944944952329 -0.546996158993526 -1.83488560931584 -1.613629931006329 1.433971039151266 1.4042154978194 0.7443707580695792 0.5409665922263284 -0.4017313229820788 1
 0.9725614183011835 -0.4320122321104883 -0.4320122251779465 0.7898459613992048 2.238730552052397 -0.9335303965655 -1.424799362602356 -1.848816195364272 -1.720174422852893 -1.753855961382078 -1.668949390416064 -0.7284945990616141 -1.257092352606683 -1.445776186569839 2.017736973367662 2.018740051807143 2.025458959946278 0.3116049913312839 0.8330306892295216 1.110315986817186 -0.5008945601108289 -0.873475473405981 -0.3487150576834339 -0.2081326973939635 -0.8499946535876447 -0.8358517582940141 -1.465586450835082 -1.512230504323569 -1.559971853713314 -0.9458944944949257 -0.9458944944952329 -0.546996158993526 -1.83488560931584 -1.613629931006329 1.433971039151266 1.4042154978194 0.7443707580695792 0.5409665922263284 -0.4017313229820788 1
 -0.7127124240515634 -1.082060615967252 -1.082060618621944 0.4486321268710499 2.137412372665467 -1.859311664406092 -1.938819876717234 -1.735199833401785 -1.456366760332015 -1.22016824637907 -0.9667564892246161 -0.4138495435218322 -0.3244759545998557 -0.2344910683761856 0.6433313326321446 0.3447273411218499 -0.1100849045622738 0.3116049913312839 0.8330306892295216 0.8594667894715815 0.9972870094102521 1.365238847452791 1.264530234627641 0.2242262658910669 0.2956538080028581 -0.69176251681305 -1.465586450835082 -1.512230504323569 -1.559971853713314 -0.9458944944949257 -0.9458944944952329 -0.546996158993526 -1.83488560931584 -1.613629931006329 1.433971039151266 1.4042154978194 0.7443707580695792 0.5409665922263284 -0.4017313229820788 1
 -0.7440761946205099 0.08360113352172502 0.08360116090645731 -0.09064056529893401 2.000086557103748 -0.437311639304806 -1.14011107790439 -1.765497529889768 -1.652338166813782 -2.223501150554839 -2.595844019988776 -0.8395457954393238 -1.852763472114849 -2.289189527824495 2.09270459087656 2.000642570875204 1.940037165502476 0.3116049913312839 0.8918864804856472 1.060146148050443 0.09837806769760353 -0.4257326088163332 0.2136161578930467 -0.2081326973939635 -1.422818884382896 0.3856721369705919 -1.465586450835082 -1.512230504323569 -1.559971853713314 -0.9458944944949257 -0.9458944944952329 -0.546996158993526 -1.83488560931584 -1.613629931006329 1.433971039151266 1.4042154978194 0.7443707580695792 0.5409665922263284 -0.4017313229820788 0
 -0.65681882293476 -0.6793611437345388 -0.6793611453482843 -0.5973503045082886 0.8270228764041337 -1.674155409801098 -1.424799362602356 -1.01562953955881 -0.6272569627449128 -0.3395835164466561 -0.2445009336933496 0.9187648078283021 0.6683092442294365 0.4384451082236007 0.8515746822079718 0.7971630975998703 0.554306460894496 0.3116049913312839 -0.0498061315467993 -1.147326801936055 0.1732871448627488 -0.2764849872864506 0.671909515454685 1.041640147969958 1.918655795812982 -1.25047590332364 -1.465586450835082 -1.185350984830046 -1.559971853713314 -0.9458944944949257 -0.9458944944952329 -0.3568248767433921 -1.640953360850545 -1.47299283020573 1.333345830024617 1.4042154978194 -0.2905798144140889 -1.358306060365976 -0.4017313229820788 0
 -1.190885448120001 -0.5468173155711367 -0.5468173147079478 -0.5810221713011883 1.584952316114397 -0.1558741334457782 -0.6735386107778726 -1.09137378210429 -0.4765097273955654 -0.2595303592989395 -0.3247515510526228 1.28893546155694 0.1418322449300352 -0.5709591562835328 0.893223293815003 1.06862467816871 1.076328390408668 -2.954748506932155 -2.305944686500801 -1.247666481225486 -0.5008945601108289 -0.873475473405981 -0.789888261639579 -0.2081326973939635 -0.2771704227923933 0.2521690435492719 -1.465586450835082 -1.185350984830046 -1.559971853713314 -0.9458944944949257 -0.9458944944952329 -0.3568248767433921 -1.640953360850545 -1.47299283020573 1.333345830024617 1.4042154978194 -0.2905798144140889 -1.358306060365976 -0.4017313229820788 0
